2023-12-30 19:20:07 [INFO] Question: What was the price on 2023-12-12?
2023-12-30 19:20:07 [INFO] Running PandasAI with openai LLM...
2023-12-30 19:20:07 [INFO] Prompt ID: 7d9f0727-4521-4c12-8ab8-2ff9f437feb3
2023-12-30 19:20:07 [INFO] Executing Step 0: CacheLookup
2023-12-30 19:20:07 [INFO] Executing Step 1: PromptGeneration
2023-12-30 19:20:07 [INFO] Using prompt: <dataframe>
dfs[0]:22x6
Open,High,Low,Close,Adj Close,Volume
20194.099609375,20291.55078125,20183.69921875,20267.900390625,20267.900390625,265800
19976.55078125,20104.650390625,19956.30078125,20096.599609375,20096.599609375,236200
20108.5,20158.69921875,20015.849609375,20133.150390625,20133.150390625,486600
</dataframe>




Update this initial code:
```python
# TODO: import the required dependencies
import pandas as pd

# Write code here

# Declare result var: type (possible values "string", "number", "dataframe", "plot"). Examples: { "type": "string", "value": f"The highest salary is {highest_salary}." } or { "type": "number", "value": 125 } or { "type": "dataframe", "value": pd.DataFrame({...}) } or { "type": "plot", "value": "temp_chart.png" }
```

Q: What was the price on 2023-12-12?
Variable `dfs: list[pd.DataFrame]` is already declared.

At the end, declare "result" variable as a dictionary of type and value.



Generate python code and return full updated code:
2023-12-30 19:20:07 [INFO] Executing Step 2: CodeGenerator
2023-12-30 19:20:09 [INFO] HTTP Request: POST https://api.openai.com/v1/chat/completions "HTTP/1.1 200 OK"
2023-12-30 19:20:09 [INFO] Code generated:
            ```
            # TODO: import the required dependencies
import pandas as pd

# Write code here
date = "2023-12-12"
price = dfs[0][dfs[0].index == date]["Close"].values[0]

# Declare result var
result = {"type": "string", "value": f"The price on {date} was {price}."}
            ```
            
2023-12-30 19:20:09 [INFO] Executing Step 3: CachePopulation
2023-12-30 19:20:09 [INFO] Executing Step 4: CodeExecution
2023-12-30 19:20:09 [INFO] Saving charts to C:\Users\mram\OneDrive - Intel Corporation\Python\OpenAI\ChatFun\exports\charts\temp_chart.png
2023-12-30 19:20:09 [INFO] 
Code running:
```
date = '2023-12-12'
price = dfs[0][dfs[0].index == date]['Close'].values[0]
result = {'type': 'string', 'value': f'The price on {date} was {price}.'}
        ```
2023-12-30 19:20:09 [INFO] Executing Step 5: ResultValidation
2023-12-30 19:20:09 [INFO] Answer: {'type': 'string', 'value': 'The price on 2023-12-12 was 20906.400390625.'}
2023-12-30 19:20:09 [INFO] Executed in: 2.2208118438720703s
2023-12-30 19:20:09 [INFO] Executing Step 6: ResultParsing
2023-12-30 19:29:30 [INFO] Question: What was the price on 2023-12-12?
2023-12-30 19:29:30 [INFO] Running PandasAI with openai LLM...
2023-12-30 19:29:30 [INFO] Prompt ID: 885003d4-4afd-4b6c-b11c-d4096522a2c7
2023-12-30 19:29:30 [INFO] Executing Step 0: CacheLookup
2023-12-30 19:29:30 [INFO] Using cached response
2023-12-30 19:29:30 [INFO] Executing Step 1: PromptGeneration
2023-12-30 19:29:30 [INFO] Executing Step 2: CodeGenerator
2023-12-30 19:29:30 [INFO] Executing Step 3: CachePopulation
2023-12-30 19:29:30 [INFO] Executing Step 4: CodeExecution
2023-12-30 19:29:30 [INFO] Saving charts to C:\Users\mram\OneDrive - Intel Corporation\Python\OpenAI\ChatFun\exports\charts\temp_chart.png
2023-12-30 19:29:30 [INFO] 
Code running:
```
date = '2023-12-12'
price = dfs[0][dfs[0].index == date]['Close'].values[0]
result = {'type': 'string', 'value': f'The price on {date} was {price}.'}
        ```
2023-12-30 19:29:30 [INFO] Executing Step 5: ResultValidation
2023-12-30 19:29:30 [INFO] Answer: {'type': 'string', 'value': 'The price on 2023-12-12 was 20906.400390625.'}
2023-12-30 19:29:30 [INFO] Executed in: 0.031418561935424805s
2023-12-30 19:29:30 [INFO] Executing Step 6: ResultParsing
2023-12-30 19:30:34 [INFO] Question: What was the lowest price ?

2023-12-30 19:30:34 [INFO] Running PandasAI with openai LLM...
2023-12-30 19:30:34 [INFO] Prompt ID: 6f0c2ec7-9e65-4318-9958-dba612cf19f3
2023-12-30 19:30:34 [INFO] Executing Step 0: CacheLookup
2023-12-30 19:30:34 [INFO] Executing Step 1: PromptGeneration
2023-12-30 19:30:34 [INFO] Using prompt: <dataframe>
dfs[0]:22x6
Open,High,Low,Close,Adj Close,Volume
20108.5,20158.69921875,20015.849609375,20133.150390625,20133.150390625,486600
19976.55078125,20104.650390625,19956.30078125,20096.599609375,20096.599609375,236200
20194.099609375,20291.55078125,20183.69921875,20267.900390625,20267.900390625,265800
</dataframe>




Update this initial code:
```python
# TODO: import the required dependencies
import pandas as pd

# Write code here

# Declare result var: type (possible values "string", "number", "dataframe", "plot"). Examples: { "type": "string", "value": f"The highest salary is {highest_salary}." } or { "type": "number", "value": 125 } or { "type": "dataframe", "value": pd.DataFrame({...}) } or { "type": "plot", "value": "temp_chart.png" }
```

Q: What was the lowest price ?

Variable `dfs: list[pd.DataFrame]` is already declared.

At the end, declare "result" variable as a dictionary of type and value.



Generate python code and return full updated code:
2023-12-30 19:30:34 [INFO] Executing Step 2: CodeGenerator
2023-12-30 19:30:36 [INFO] HTTP Request: POST https://api.openai.com/v1/chat/completions "HTTP/1.1 200 OK"
2023-12-30 19:30:36 [INFO] Code generated:
            ```
            # TODO: import the required dependencies
import pandas as pd

# Write code here
lowest_price = dfs[0]['Low'].min()

# Declare result var
result = {
    "type": "number",
    "value": lowest_price
}
            ```
            
2023-12-30 19:30:36 [INFO] Executing Step 3: CachePopulation
2023-12-30 19:30:36 [INFO] Executing Step 4: CodeExecution
2023-12-30 19:30:36 [INFO] Saving charts to C:\Users\mram\OneDrive - Intel Corporation\Python\OpenAI\ChatFun\exports\charts\temp_chart.png
2023-12-30 19:30:36 [INFO] 
Code running:
```
lowest_price = dfs[0]['Low'].min()
result = {'type': 'number', 'value': lowest_price}
        ```
2023-12-30 19:30:36 [INFO] Executing Step 5: ResultValidation
2023-12-30 19:30:36 [INFO] Answer: {'type': 'number', 'value': 19956.30078125}
2023-12-30 19:30:36 [INFO] Executed in: 1.6310193538665771s
2023-12-30 19:30:36 [INFO] Executing Step 6: ResultParsing
2023-12-30 19:50:18 [INFO] Question: What was the price on 2023-12-12?
2023-12-30 19:50:18 [INFO] Running PandasAI with openai LLM...
2023-12-30 19:50:18 [INFO] Prompt ID: 383fb80f-376f-4a8b-81e0-910f977c6844
2023-12-30 19:50:18 [INFO] Executing Step 0: CacheLookup
2023-12-30 19:50:18 [INFO] Using cached response
2023-12-30 19:50:18 [INFO] Executing Step 1: PromptGeneration
2023-12-30 19:50:18 [INFO] Executing Step 2: CodeGenerator
2023-12-30 19:50:18 [INFO] Executing Step 3: CachePopulation
2023-12-30 19:50:18 [INFO] Executing Step 4: CodeExecution
2023-12-30 19:50:18 [INFO] Saving charts to C:\Users\mram\OneDrive - Intel Corporation\Python\OpenAI\ChatFun\exports\charts\temp_chart.png
2023-12-30 19:50:18 [INFO] 
Code running:
```
date = '2023-12-12'
price = dfs[0][dfs[0].index == date]['Close'].values[0]
result = {'type': 'string', 'value': f'The price on {date} was {price}.'}
        ```
2023-12-30 19:50:18 [INFO] Executing Step 5: ResultValidation
2023-12-30 19:50:18 [INFO] Answer: {'type': 'string', 'value': 'The price on 2023-12-12 was 44.040000915527344.'}
2023-12-30 19:50:18 [INFO] Executed in: 0.03945040702819824s
2023-12-30 19:50:18 [INFO] Executing Step 6: ResultParsing
